x =

  -0.858467
   0.546608
  -1.391290
   0.013785
  -2.602971
  -4.008046
  -2.070147
  -3.475223
  -3.668617
  -5.073693
  -4.201441
  -5.606516
   0.207180
   1.612255
  -1.391290
   0.013785

x =

   0.2976598
   0.6333484
   0.1992019
   0.5034462
   0.0689475
   0.0178446
   0.1120324
   0.0300255
   0.0248771
   0.0062203
   0.0147531
   0.0036604
   0.5516105
   0.8337242
   0.1992019
   0.5034462

f =

   0.2976598
   0.6333484
   0.1992019
   0.5034462
   0.0689475
   0.0178446
   0.1120324
   0.0300255
   0.0248771
   0.0062203
   0.0147531
   0.0036604
   0.5516105
   0.8337242
   0.1992019
   0.5034462

x =

   0.3533373
   1.0033431
   0.2221464
   0.7000635
   0.0714396
   0.0180058
   0.1188200
   0.0304855
   0.0251917
   0.0062398
   0.0148630
   0.0036671
   0.5949131
   0.1818526
   1.6134365
   0.6862784

x =  5.6441
J =  0.35276
r =

   2.99539
   0.28390
   1.97424

r =

   0.00000
   0.28390
   1.97424

r =  2.2581
r =  0.14113
r =  0.014113
J =  0.35981
f =

   0.2976598
   0.6333484
   0.1992019
   0.5034462
   0.0689475
   0.0178446
   0.1120324
   0.0300255
   0.0248771
   0.0062203
   0.0147531
   0.0036604
  -0.4483895
  -0.1662758
  -0.8007981
  -0.4965538

f =

   1.9878e-11
  -5.3282e-02
   1.4051e-01

f =

   1.2424e-12
  -3.3301e-03
   8.7817e-03

d =

  -1.73072
   0.53282
  -1.40508

grad =

   1.2424e-12
  -2.3418e-11
  -7.3999e-11

x =

  -0.858467
   0.546608
  -1.391290
   0.013785
  -2.602971
  -4.008046
  -2.070147
  -3.475223
  -3.668617
  -5.073693
  -4.201441
  -5.606516
   0.207180
   1.612255
  -1.391290
   0.013785

x =

   0.2976598
   0.6333484
   0.1992019
   0.5034462
   0.0689475
   0.0178446
   0.1120324
   0.0300255
   0.0248771
   0.0062203
   0.0147531
   0.0036604
   0.5516105
   0.8337242
   0.1992019
   0.5034462

f =

   0.2976598
   0.6333484
   0.1992019
   0.5034462
   0.0689475
   0.0178446
   0.1120324
   0.0300255
   0.0248771
   0.0062203
   0.0147531
   0.0036604
   0.5516105
   0.8337242
   0.1992019
   0.5034462

x =

   0.3533373
   1.0033431
   0.2221464
   0.7000635
   0.0714396
   0.0180058
   0.1188200
   0.0304855
   0.0251917
   0.0062398
   0.0148630
   0.0036671
   0.5949131
   0.1818526
   1.6134365
   0.6862784

x =  5.6441
J =  0.35276
r =

   2.99539
   0.28390
   1.97424

r =

   0.00000
   0.28390
   1.97424

r =  2.2581
r =  0.14113
r =  0.014113
J =  0.35981
f =

   0.2976598
   0.6333484
   0.1992019
   0.5034462
   0.0689475
   0.0178446
   0.1120324
   0.0300255
   0.0248771
   0.0062203
   0.0147531
   0.0036604
  -0.4483895
  -0.1662758
  -0.8007981
  -0.4965538

f =

   4.2820e-10
  -5.3282e-02
   1.4051e-01

f =

   2.6762e-11
  -3.3301e-03
   8.7817e-03

d =

  -1.73072
   0.53282
  -1.40508

grad =

   2.6762e-11
  -6.9608e-11
  -1.2639e-10

x =

  -0.858467
   0.546608
  -1.391290
   0.013785
  -2.602971
  -4.008046
  -2.070147
  -3.475223
  -3.668617
  -5.073693
  -4.201441
  -5.606516
   0.207180
   1.612255
  -1.391290
   0.013785

x =

   0.2976598
   0.6333484
   0.1992019
   0.5034462
   0.0689475
   0.0178446
   0.1120324
   0.0300255
   0.0248771
   0.0062203
   0.0147531
   0.0036604
   0.5516105
   0.8337242
   0.1992019
   0.5034462

f =

   0.2976598
   0.6333484
   0.1992019
   0.5034462
   0.0689475
   0.0178446
   0.1120324
   0.0300255
   0.0248771
   0.0062203
   0.0147531
   0.0036604
   0.5516105
   0.8337242
   0.1992019
   0.5034462

x =

   0.3533373
   1.0033431
   0.2221464
   0.7000635
   0.0714396
   0.0180058
   0.1188200
   0.0304855
   0.0251917
   0.0062398
   0.0148630
   0.0036671
   0.5949131
   0.1818526
   1.6134365
   0.6862784

x =  5.6441
J =  0.35276
r =

   2.99539
   0.28390
   1.97424

r =

   0.00000
   0.28390
   1.97424

r =  2.2581
r =  0.14113
r =  0.014113
J =  0.35981
f =

   0.2976598
   0.6333484
   0.1992019
   0.5034462
   0.0689475
   0.0178446
   0.1120324
   0.0300255
   0.0248771
   0.0062203
   0.0147531
   0.0036604
  -0.4483895
  -0.1662758
  -0.8007981
  -0.4965538

f =

   4.6903e-10
  -5.3282e-02
   1.4051e-01

f =

   2.9315e-11
  -3.3301e-03
   8.7817e-03

d =

  -1.73072
   0.53282
  -1.40508

grad =

   2.9315e-11
  -7.4227e-11
  -1.3163e-10

x =

  -0.858467
   0.546608
  -1.391290
   0.013785
  -2.602971
  -4.008046
  -2.070147
  -3.475223
  -3.668617
  -5.073693
  -4.201441
  -5.606516
   0.207180
   1.612255
  -1.391290
   0.013785

x =

   0.2976598
   0.6333484
   0.1992019
   0.5034462
   0.0689475
   0.0178446
   0.1120324
   0.0300255
   0.0248771
   0.0062203
   0.0147531
   0.0036604
   0.5516105
   0.8337242
   0.1992019
   0.5034462

f =

   0.2976598
   0.6333484
   0.1992019
   0.5034462
   0.0689475
   0.0178446
   0.1120324
   0.0300255
   0.0248771
   0.0062203
   0.0147531
   0.0036604
   0.5516105
   0.8337242
   0.1992019
   0.5034462

x =

   0.3533373
   1.0033431
   0.2221464
   0.7000635
   0.0714396
   0.0180058
   0.1188200
   0.0304855
   0.0251917
   0.0062398
   0.0148630
   0.0036671
   0.5949131
   0.1818526
   1.6134365
   0.6862784

x =  5.6441
J =  0.35276
r =

   2.99539
   0.28390
   1.97424

r =

   0.00000
   0.28390
   1.97424

r =  2.2581
r =  0.14113
r =  0.014113
J =  0.35981
f =

   0.2976598
   0.6333484
   0.1992019
   0.5034462
   0.0689475
   0.0178446
   0.1120324
   0.0300255
   0.0248771
   0.0062203
   0.0147531
   0.0036604
  -0.4483895
  -0.1662758
  -0.8007981
  -0.4965538

f =

   4.7312e-10
  -5.3282e-02
   1.4051e-01

f =

   2.9570e-11
  -3.3301e-03
   8.7817e-03

d =

  -1.73072
   0.53282
  -1.40508

grad =

   2.9570e-11
  -7.4689e-11
  -1.3215e-10

x =

  -0.858467
   0.546608
  -1.391290
   0.013785
  -2.602971
  -4.008046
  -2.070147
  -3.475223
  -3.668617
  -5.073693
  -4.201441
  -5.606516
   0.207180
   1.612255
  -1.391290
   0.013785

x =

   0.2976598
   0.6333484
   0.1992019
   0.5034462
   0.0689475
   0.0178446
   0.1120324
   0.0300255
   0.0248771
   0.0062203
   0.0147531
   0.0036604
   0.5516105
   0.8337242
   0.1992019
   0.5034462

f =

   0.2976598
   0.6333484
   0.1992019
   0.5034462
   0.0689475
   0.0178446
   0.1120324
   0.0300255
   0.0248771
   0.0062203
   0.0147531
   0.0036604
   0.5516105
   0.8337242
   0.1992019
   0.5034462

x =

   0.3533373
   1.0033431
   0.2221464
   0.7000635
   0.0714396
   0.0180058
   0.1188200
   0.0304855
   0.0251917
   0.0062398
   0.0148630
   0.0036671
   0.5949131
   0.1818526
   1.6134365
   0.6862784

x =  5.6441
J =  0.35276
r =

   2.99539
   0.28390
   1.97424

r =

   0.00000
   0.28390
   1.97424

r =  2.2581
r =  0.14113
r =  0.014113
J =  0.35981
f =

   0.2976598
   0.6333484
   0.1992019
   0.5034462
   0.0689475
   0.0178446
   0.1120324
   0.0300255
   0.0248771
   0.0062203
   0.0147531
   0.0036604
  -0.4483895
  -0.1662758
  -0.8007981
  -0.4965538

f =

   4.7352e-10
  -5.3282e-02
   1.4051e-01

f =

   2.9595e-11
  -3.3301e-03
   8.7817e-03

d =

  -1.73072
   0.53282
  -1.40508

grad =

   2.9595e-11
  -7.4735e-11
  -1.3220e-10

x =

  -0.858467
   0.546608
  -1.391290
   0.013785
  -2.602971
  -4.008046
  -2.070147
  -3.475223
  -3.668617
  -5.073693
  -4.201441
  -5.606516
   0.207180
   1.612255
  -1.391290
   0.013785

x =

   0.2976598
   0.6333484
   0.1992019
   0.5034462
   0.0689475
   0.0178446
   0.1120324
   0.0300255
   0.0248771
   0.0062203
   0.0147531
   0.0036604
   0.5516105
   0.8337242
   0.1992019
   0.5034462

f =

   0.2976598
   0.6333484
   0.1992019
   0.5034462
   0.0689475
   0.0178446
   0.1120324
   0.0300255
   0.0248771
   0.0062203
   0.0147531
   0.0036604
   0.5516105
   0.8337242
   0.1992019
   0.5034462

x =

   0.3533373
   1.0033431
   0.2221464
   0.7000635
   0.0714396
   0.0180058
   0.1188200
   0.0304855
   0.0251917
   0.0062398
   0.0148630
   0.0036671
   0.5949131
   0.1818526
   1.6134365
   0.6862784

x =  5.6441
J =  0.35276
r =

   2.99539
   0.28390
   1.97424

r =

   0.00000
   0.28390
   1.97424

r =  2.2581
r =  0.14113
r =  0.014113
J =  0.35981
f =

   0.2976598
   0.6333484
   0.1992019
   0.5034462
   0.0689475
   0.0178446
   0.1120324
   0.0300255
   0.0248771
   0.0062203
   0.0147531
   0.0036604
  -0.4483895
  -0.1662758
  -0.8007981
  -0.4965538

f =

   4.7357e-10
  -5.3282e-02
   1.4051e-01

f =

   2.9598e-11
  -3.3301e-03
   8.7817e-03

d =

  -1.73072
   0.53282
  -1.40508

grad =

   2.9598e-11
  -7.4740e-11
  -1.3221e-10

x =

  -0.858467
   0.546608
  -1.391290
   0.013785
  -2.602971
  -4.008046
  -2.070147
  -3.475223
  -3.668617
  -5.073693
  -4.201441
  -5.606516
   0.207180
   1.612255
  -1.391290
   0.013785

x =

   0.2976598
   0.6333484
   0.1992019
   0.5034462
   0.0689475
   0.0178446
   0.1120324
   0.0300255
   0.0248771
   0.0062203
   0.0147531
   0.0036604
   0.5516105
   0.8337242
   0.1992019
   0.5034462

f =

   0.2976598
   0.6333484
   0.1992019
   0.5034462
   0.0689475
   0.0178446
   0.1120324
   0.0300255
   0.0248771
   0.0062203
   0.0147531
   0.0036604
   0.5516105
   0.8337242
   0.1992019
   0.5034462

x =

   0.3533373
   1.0033431
   0.2221464
   0.7000635
   0.0714396
   0.0180058
   0.1188200
   0.0304855
   0.0251917
   0.0062398
   0.0148630
   0.0036671
   0.5949131
   0.1818526
   1.6134365
   0.6862784

x =  5.6441
J =  0.35276
r =

   2.99539
   0.28390
   1.97424

r =

   0.00000
   0.28390
   1.97424

r =  2.2581
r =  0.14113
r =  0.014113
J =  0.35981
f =

   0.2976598
   0.6333484
   0.1992019
   0.5034462
   0.0689475
   0.0178446
   0.1120324
   0.0300255
   0.0248771
   0.0062203
   0.0147531
   0.0036604
  -0.4483895
  -0.1662758
  -0.8007981
  -0.4965538

f =

   4.7357e-10
  -5.3282e-02
   1.4051e-01

f =

   2.9598e-11
  -3.3301e-03
   8.7817e-03

d =

  -1.73072
   0.53282
  -1.40508

grad =

   2.9598e-11
  -7.4741e-11
  -1.3221e-10

x =

  -0.858467
   0.546608
  -1.391290
   0.013785
  -2.602971
  -4.008046
  -2.070147
  -3.475223
  -3.668617
  -5.073693
  -4.201441
  -5.606516
   0.207180
   1.612255
  -1.391290
   0.013785

x =

   0.2976598
   0.6333484
   0.1992019
   0.5034462
   0.0689475
   0.0178446
   0.1120324
   0.0300255
   0.0248771
   0.0062203
   0.0147531
   0.0036604
   0.5516105
   0.8337242
   0.1992019
   0.5034462

f =

   0.2976598
   0.6333484
   0.1992019
   0.5034462
   0.0689475
   0.0178446
   0.1120324
   0.0300255
   0.0248771
   0.0062203
   0.0147531
   0.0036604
   0.5516105
   0.8337242
   0.1992019
   0.5034462

x =

   0.3533373
   1.0033431
   0.2221464
   0.7000635
   0.0714396
   0.0180058
   0.1188200
   0.0304855
   0.0251917
   0.0062398
   0.0148630
   0.0036671
   0.5949131
   0.1818526
   1.6134365
   0.6862784

x =  5.6441
J =  0.35276
r =

   2.99539
   0.28390
   1.97424

r =

   0.00000
   0.28390
   1.97424

r =  2.2581
r =  0.14113
r =  0.014113
J =  0.35981
f =

   0.2976598
   0.6333484
   0.1992019
   0.5034462
   0.0689475
   0.0178446
   0.1120324
   0.0300255
   0.0248771
   0.0062203
   0.0147531
   0.0036604
  -0.4483895
  -0.1662758
  -0.8007981
  -0.4965538

f =

   4.7357e-10
  -5.3282e-02
   1.4051e-01

f =

   2.9598e-11
  -3.3301e-03
   8.7817e-03

d =

  -1.73072
   0.53282
  -1.40508

grad =

   2.9598e-11
  -7.4740e-11
  -1.3221e-10

x =

  -0.858467
   0.546608
  -1.391290
   0.013785
  -2.602971
  -4.008046
  -2.070147
  -3.475223
  -3.668617
  -5.073693
  -4.201441
  -5.606516
   0.207180
   1.612255
  -1.391290
   0.013785

x =

   0.2976598
   0.6333484
   0.1992019
   0.5034462
   0.0689475
   0.0178446
   0.1120324
   0.0300255
   0.0248771
   0.0062203
   0.0147531
   0.0036604
   0.5516105
   0.8337242
   0.1992019
   0.5034462

f =

   0.2976598
   0.6333484
   0.1992019
   0.5034462
   0.0689475
   0.0178446
   0.1120324
   0.0300255
   0.0248771
   0.0062203
   0.0147531
   0.0036604
   0.5516105
   0.8337242
   0.1992019
   0.5034462

x =

   0.3533373
   1.0033431
   0.2221464
   0.7000635
   0.0714396
   0.0180058
   0.1188200
   0.0304855
   0.0251917
   0.0062398
   0.0148630
   0.0036671
   0.5949131
   0.1818526
   1.6134365
   0.6862784

x =  5.6441
J =  0.35276
r =

   2.99539
   0.28390
   1.97424

r =

   0.00000
   0.28390
   1.97424

r =  2.2581
r =  0.14113
r =  0.014113
J =  0.35981
f =

   0.2976598
   0.6333484
   0.1992019
   0.5034462
   0.0689475
   0.0178446
   0.1120324
   0.0300255
   0.0248771
   0.0062203
   0.0147531
   0.0036604
  -0.4483895
  -0.1662758
  -0.8007981
  -0.4965538

f =

   4.7357e-10
  -5.3282e-02
   1.4051e-01

f =

   2.9598e-11
  -3.3301e-03
   8.7817e-03

d =

  -1.73072
   0.53282
  -1.40508

grad =

   2.9598e-11
  -7.4740e-11
  -1.3221e-10

x =

  -0.858467
   0.546608
  -1.391290
   0.013785
  -2.602971
  -4.008046
  -2.070147
  -3.475223
  -3.668617
  -5.073693
  -4.201441
  -5.606516
   0.207180
   1.612255
  -1.391290
   0.013785

x =

   0.2976598
   0.6333484
   0.1992019
   0.5034462
   0.0689475
   0.0178446
   0.1120324
   0.0300255
   0.0248771
   0.0062203
   0.0147531
   0.0036604
   0.5516105
   0.8337242
   0.1992019
   0.5034462

f =

   0.2976598
   0.6333484
   0.1992019
   0.5034462
   0.0689475
   0.0178446
   0.1120324
   0.0300255
   0.0248771
   0.0062203
   0.0147531
   0.0036604
   0.5516105
   0.8337242
   0.1992019
   0.5034462

x =

   0.3533373
   1.0033431
   0.2221464
   0.7000635
   0.0714396
   0.0180058
   0.1188200
   0.0304855
   0.0251917
   0.0062398
   0.0148630
   0.0036671
   0.5949131
   0.1818526
   1.6134365
   0.6862784

x =  5.6441
J =  0.35276
r =

   2.99539
   0.28390
   1.97424

r =

   0.00000
   0.28390
   1.97424

r =  2.2581
r =  0.14113
r =  0.014113
J =  0.35981
f =

   0.2976598
   0.6333484
   0.1992019
   0.5034462
   0.0689475
   0.0178446
   0.1120324
   0.0300255
   0.0248771
   0.0062203
   0.0147531
   0.0036604
  -0.4483895
  -0.1662758
  -0.8007981
  -0.4965538

f =

   4.7357e-10
  -5.3282e-02
   1.4051e-01

f =

   2.9598e-11
  -3.3301e-03
   8.7817e-03

d =

  -1.73072
   0.53282
  -1.40508

grad =

   2.9598e-11
  -7.4740e-11
  -1.3221e-10

x =

  -0.858467
   0.546608
  -1.391290
   0.013785
  -2.602971
  -4.008046
  -2.070147
  -3.475223
  -3.668617
  -5.073693
  -4.201441
  -5.606516
   0.207180
   1.612255
  -1.391290
   0.013785

x =

   0.2976598
   0.6333484
   0.1992019
   0.5034462
   0.0689475
   0.0178446
   0.1120324
   0.0300255
   0.0248771
   0.0062203
   0.0147531
   0.0036604
   0.5516105
   0.8337242
   0.1992019
   0.5034462

f =

   0.2976598
   0.6333484
   0.1992019
   0.5034462
   0.0689475
   0.0178446
   0.1120324
   0.0300255
   0.0248771
   0.0062203
   0.0147531
   0.0036604
   0.5516105
   0.8337242
   0.1992019
   0.5034462

x =

   0.3533373
   1.0033431
   0.2221464
   0.7000635
   0.0714396
   0.0180058
   0.1188200
   0.0304855
   0.0251917
   0.0062398
   0.0148630
   0.0036671
   0.5949131
   0.1818526
   1.6134365
   0.6862784

x =  5.6441
J =  0.35276
r =

   2.99539
   0.28390
   1.97424

r =

   0.00000
   0.28390
   1.97424

r =  2.2581
r =  0.14113
r =  0.014113
J =  0.35981
f =

   0.2976598
   0.6333484
   0.1992019
   0.5034462
   0.0689475
   0.0178446
   0.1120324
   0.0300255
   0.0248771
   0.0062203
   0.0147531
   0.0036604
  -0.4483895
  -0.1662758
  -0.8007981
  -0.4965538

f =

   4.7357e-10
  -5.3282e-02
   1.4051e-01

f =

   2.9598e-11
  -3.3301e-03
   8.7817e-03

d =

  -1.73072
   0.53282
  -1.40508

grad =

   2.9598e-11
  -7.4740e-11
  -1.3221e-10

x =

  -0.858467
   0.546608
  -1.391290
   0.013785
  -2.602971
  -4.008046
  -2.070147
  -3.475223
  -3.668617
  -5.073693
  -4.201441
  -5.606516
   0.207180
   1.612255
  -1.391290
   0.013785

x =

   0.2976598
   0.6333484
   0.1992019
   0.5034462
   0.0689475
   0.0178446
   0.1120324
   0.0300255
   0.0248771
   0.0062203
   0.0147531
   0.0036604
   0.5516105
   0.8337242
   0.1992019
   0.5034462

f =

   0.2976598
   0.6333484
   0.1992019
   0.5034462
   0.0689475
   0.0178446
   0.1120324
   0.0300255
   0.0248771
   0.0062203
   0.0147531
   0.0036604
   0.5516105
   0.8337242
   0.1992019
   0.5034462

x =

   0.3533373
   1.0033431
   0.2221464
   0.7000635
   0.0714396
   0.0180058
   0.1188200
   0.0304855
   0.0251917
   0.0062398
   0.0148630
   0.0036671
   0.5949131
   0.1818526
   1.6134365
   0.6862784

x =  5.6441
J =  0.35276
r =

   2.99539
   0.28390
   1.97424

r =

   0.00000
   0.28390
   1.97424

r =  2.2581
r =  0.14113
r =  0.014113
J =  0.35981
f =

   0.2976598
   0.6333484
   0.1992019
   0.5034462
   0.0689475
   0.0178446
   0.1120324
   0.0300255
   0.0248771
   0.0062203
   0.0147531
   0.0036604
  -0.4483895
  -0.1662758
  -0.8007981
  -0.4965538

f =

   4.7357e-10
  -5.3282e-02
   1.4051e-01

f =

   2.9598e-11
  -3.3301e-03
   8.7817e-03

d =

  -1.73072
   0.53282
  -1.40508

grad =

   2.9598e-11
  -7.4740e-11
  -1.3221e-10

x =

  -0.858467
   0.546608
  -1.391290
   0.013785
  -2.602971
  -4.008046
  -2.070147
  -3.475223
  -3.668617
  -5.073693
  -4.201441
  -5.606516
   0.207180
   1.612255
  -1.391290
   0.013785

x =

   0.2976598
   0.6333484
   0.1992019
   0.5034462
   0.0689475
   0.0178446
   0.1120324
   0.0300255
   0.0248771
   0.0062203
   0.0147531
   0.0036604
   0.5516105
   0.8337242
   0.1992019
   0.5034462

f =

   0.2976598
   0.6333484
   0.1992019
   0.5034462
   0.0689475
   0.0178446
   0.1120324
   0.0300255
   0.0248771
   0.0062203
   0.0147531
   0.0036604
   0.5516105
   0.8337242
   0.1992019
   0.5034462

x =

   0.3533373
   1.0033431
   0.2221464
   0.7000635
   0.0714396
   0.0180058
   0.1188200
   0.0304855
   0.0251917
   0.0062398
   0.0148630
   0.0036671
   0.5949131
   0.1818526
   1.6134365
   0.6862784

x =  5.6441
J =  0.35276
r =

   2.99539
   0.28390
   1.97424

r =

   0.00000
   0.28390
   1.97424

r =  2.2581
r =  0.14113
r =  0.014113
J =  0.35981
f =

   0.2976598
   0.6333484
   0.1992019
   0.5034462
   0.0689475
   0.0178446
   0.1120324
   0.0300255
   0.0248771
   0.0062203
   0.0147531
   0.0036604
  -0.4483895
  -0.1662758
  -0.8007981
  -0.4965538

f =

   4.7357e-10
  -5.3282e-02
   1.4051e-01

f =

   2.9598e-11
  -3.3301e-03
   8.7817e-03

d =

  -1.73072
   0.53282
  -1.40508

grad =

   2.9598e-11
  -7.4740e-11
  -1.3221e-10

x =

  -0.858467
   0.546608
  -1.391290
   0.013785
  -2.602971
  -4.008046
  -2.070147
  -3.475223
  -3.668617
  -5.073693
  -4.201441
  -5.606516
   0.207180
   1.612255
  -1.391290
   0.013785

x =

   0.2976598
   0.6333484
   0.1992019
   0.5034462
   0.0689475
   0.0178446
   0.1120324
   0.0300255
   0.0248771
   0.0062203
   0.0147531
   0.0036604
   0.5516105
   0.8337242
   0.1992019
   0.5034462

f =

   0.2976598
   0.6333484
   0.1992019
   0.5034462
   0.0689475
   0.0178446
   0.1120324
   0.0300255
   0.0248771
   0.0062203
   0.0147531
   0.0036604
   0.5516105
   0.8337242
   0.1992019
   0.5034462

x =

   0.3533373
   1.0033431
   0.2221464
   0.7000635
   0.0714396
   0.0180058
   0.1188200
   0.0304855
   0.0251917
   0.0062398
   0.0148630
   0.0036671
   0.5949131
   0.1818526
   1.6134365
   0.6862784

x =  5.6441
J =  0.35276
r =

   2.99539
   0.28390
   1.97424

r =

   0.00000
   0.28390
   1.97424

r =  2.2581
r =  0.14113
r =  0.014113
J =  0.35981
f =

   0.2976598
   0.6333484
   0.1992019
   0.5034462
   0.0689475
   0.0178446
   0.1120324
   0.0300255
   0.0248771
   0.0062203
   0.0147531
   0.0036604
  -0.4483895
  -0.1662758
  -0.8007981
  -0.4965538

f =

   4.7357e-10
  -5.3282e-02
   1.4051e-01

f =

   2.9598e-11
  -3.3301e-03
   8.7817e-03

d =

  -1.73072
   0.53282
  -1.40508

grad =

   2.9598e-11
  -7.4740e-11
  -1.3221e-10

x =

  -0.858467
   0.546608
  -1.391290
   0.013785
  -2.602971
  -4.008046
  -2.070147
  -3.475223
  -3.668617
  -5.073693
  -4.201441
  -5.606516
   0.207180
   1.612255
  -1.391290
   0.013785

x =

   0.2976598
   0.6333484
   0.1992019
   0.5034462
   0.0689475
   0.0178446
   0.1120324
   0.0300255
   0.0248771
   0.0062203
   0.0147531
   0.0036604
   0.5516105
   0.8337242
   0.1992019
   0.5034462

f =

   0.2976598
   0.6333484
   0.1992019
   0.5034462
   0.0689475
   0.0178446
   0.1120324
   0.0300255
   0.0248771
   0.0062203
   0.0147531
   0.0036604
   0.5516105
   0.8337242
   0.1992019
   0.5034462

x =

   0.3533373
   1.0033431
   0.2221464
   0.7000635
   0.0714396
   0.0180058
   0.1188200
   0.0304855
   0.0251917
   0.0062398
   0.0148630
   0.0036671
   0.5949131
   0.1818526
   1.6134365
   0.6862784

x =  5.6441
J =  0.35276
r =

   2.99539
   0.28390
   1.97424

r =

   0.00000
   0.28390
   1.97424

r =  2.2581
r =  0.14113
r =  0.014113
J =  0.35981
f =

   0.2976598
   0.6333484
   0.1992019
   0.5034462
   0.0689475
   0.0178446
   0.1120324
   0.0300255
   0.0248771
   0.0062203
   0.0147531
   0.0036604
  -0.4483895
  -0.1662758
  -0.8007981
  -0.4965538

f =

   4.7357e-10
  -5.3282e-02
   1.4051e-01

f =

   2.9598e-11
  -3.3301e-03
   8.7817e-03

d =

  -1.73072
   0.53282
  -1.40508

grad =

   2.9598e-11
  -7.4740e-11
  -1.3221e-10

x =

  -0.858467
   0.546608
  -1.391290
   0.013785
  -2.602971
  -4.008046
  -2.070147
  -3.475223
  -3.668617
  -5.073693
  -4.201441
  -5.606516
   0.207180
   1.612255
  -1.391290
   0.013785

x =

   0.2976598
   0.6333484
   0.1992019
   0.5034462
   0.0689475
   0.0178446
   0.1120324
   0.0300255
   0.0248771
   0.0062203
   0.0147531
   0.0036604
   0.5516105
   0.8337242
   0.1992019
   0.5034462

f =

   0.2976598
   0.6333484
   0.1992019
   0.5034462
   0.0689475
   0.0178446
   0.1120324
   0.0300255
   0.0248771
   0.0062203
   0.0147531
   0.0036604
   0.5516105
   0.8337242
   0.1992019
   0.5034462

x =

   0.3533373
   1.0033431
   0.2221464
   0.7000635
   0.0714396
   0.0180058
   0.1188200
   0.0304855
   0.0251917
   0.0062398
   0.0148630
   0.0036671
   0.5949131
   0.1818526
   1.6134365
   0.6862784

x =  5.6441
J =  0.35276
r =

   2.99539
   0.28390
   1.97424

r =

   0.00000
   0.28390
   1.97424

r =  2.2581
r =  0.14113
r =  0.014113
J =  0.35981
f =

   0.2976598
   0.6333484
   0.1992019
   0.5034462
   0.0689475
   0.0178446
   0.1120324
   0.0300255
   0.0248771
   0.0062203
   0.0147531
   0.0036604
  -0.4483895
  -0.1662758
  -0.8007981
  -0.4965538

f =

   4.7357e-10
  -5.3282e-02
   1.4051e-01

f =

   2.9598e-11
  -3.3301e-03
   8.7817e-03

d =

  -1.73072
   0.53282
  -1.40508

grad =

   2.9598e-11
  -7.4740e-11
  -1.3221e-10

x =

  -0.858467
   0.546608
  -1.391290
   0.013785
  -2.602971
  -4.008046
  -2.070147
  -3.475223
  -3.668617
  -5.073693
  -4.201441
  -5.606516
   0.207180
   1.612255
  -1.391290
   0.013785

x =

   0.2976598
   0.6333484
   0.1992019
   0.5034462
   0.0689475
   0.0178446
   0.1120324
   0.0300255
   0.0248771
   0.0062203
   0.0147531
   0.0036604
   0.5516105
   0.8337242
   0.1992019
   0.5034462

f =

   0.2976598
   0.6333484
   0.1992019
   0.5034462
   0.0689475
   0.0178446
   0.1120324
   0.0300255
   0.0248771
   0.0062203
   0.0147531
   0.0036604
   0.5516105
   0.8337242
   0.1992019
   0.5034462

x =

   0.3533373
   1.0033431
   0.2221464
   0.7000635
   0.0714396
   0.0180058
   0.1188200
   0.0304855
   0.0251917
   0.0062398
   0.0148630
   0.0036671
   0.5949131
   0.1818526
   1.6134365
   0.6862784

x =  5.6441
J =  0.35276
r =

   2.99539
   0.28390
   1.97424

r =

   0.00000
   0.28390
   1.97424

r =  2.2581
r =  0.14113
r =  0.014113
J =  0.35981
f =

   0.2976598
   0.6333484
   0.1992019
   0.5034462
   0.0689475
   0.0178446
   0.1120324
   0.0300255
   0.0248771
   0.0062203
   0.0147531
   0.0036604
  -0.4483895
  -0.1662758
  -0.8007981
  -0.4965538

f =

   4.7357e-10
  -5.3282e-02
   1.4051e-01

f =

   2.9598e-11
  -3.3301e-03
   8.7817e-03

d =

  -1.73072
   0.53282
  -1.40508

grad =

   2.9598e-11
  -7.4740e-11
  -1.3221e-10

x =

  -0.858467
   0.546608
  -1.391290
   0.013785
  -2.602971
  -4.008046
  -2.070147
  -3.475223
  -3.668617
  -5.073693
  -4.201441
  -5.606516
   0.207180
   1.612255
  -1.391290
   0.013785

x =

   0.2976598
   0.6333484
   0.1992019
   0.5034462
   0.0689475
   0.0178446
   0.1120324
   0.0300255
   0.0248771
   0.0062203
   0.0147531
   0.0036604
   0.5516105
   0.8337242
   0.1992019
   0.5034462

f =

   0.2976598
   0.6333484
   0.1992019
   0.5034462
   0.0689475
   0.0178446
   0.1120324
   0.0300255
   0.0248771
   0.0062203
   0.0147531
   0.0036604
   0.5516105
   0.8337242
   0.1992019
   0.5034462

x =

   0.3533373
   1.0033431
   0.2221464
   0.7000635
   0.0714396
   0.0180058
   0.1188200
   0.0304855
   0.0251917
   0.0062398
   0.0148630
   0.0036671
   0.5949131
   0.1818526
   1.6134365
   0.6862784

x =  5.6441
J =  0.35276
r =

   2.99539
   0.28390
   1.97424

r =

   0.00000
   0.28390
   1.97424

r =  2.2581
r =  0.14113
r =  0.014113
J =  0.35981
f =

   0.2976598
   0.6333484
   0.1992019
   0.5034462
   0.0689475
   0.0178446
   0.1120324
   0.0300255
   0.0248771
   0.0062203
   0.0147531
   0.0036604
  -0.4483895
  -0.1662758
  -0.8007981
  -0.4965538

f =

   4.7357e-10
  -5.3282e-02
   1.4051e-01

f =

   2.9598e-11
  -3.3301e-03
   8.7817e-03

d =

  -1.73072
   0.53282
  -1.40508

grad =

   2.9598e-11
  -7.4740e-11
  -1.3221e-10

x =

  -0.858467
   0.546608
  -1.391290
   0.013785
  -2.602971
  -4.008046
  -2.070147
  -3.475223
  -3.668617
  -5.073693
  -4.201441
  -5.606516
   0.207180
   1.612255
  -1.391290
   0.013785

x =

   0.2976598
   0.6333484
   0.1992019
   0.5034462
   0.0689475
   0.0178446
   0.1120324
   0.0300255
   0.0248771
   0.0062203
   0.0147531
   0.0036604
   0.5516105
   0.8337242
   0.1992019
   0.5034462

f =

   0.2976598
   0.6333484
   0.1992019
   0.5034462
   0.0689475
   0.0178446
   0.1120324
   0.0300255
   0.0248771
   0.0062203
   0.0147531
   0.0036604
   0.5516105
   0.8337242
   0.1992019
   0.5034462

x =

   0.3533373
   1.0033431
   0.2221464
   0.7000635
   0.0714396
   0.0180058
   0.1188200
   0.0304855
   0.0251917
   0.0062398
   0.0148630
   0.0036671
   0.5949131
   0.1818526
   1.6134365
   0.6862784

x =  5.6441
J =  0.35276
r =

   2.99539
   0.28390
   1.97424

r =

   0.00000
   0.28390
   1.97424

r =  2.2581
r =  0.14113
r =  0.014113
J =  0.35981
f =

   0.2976598
   0.6333484
   0.1992019
   0.5034462
   0.0689475
   0.0178446
   0.1120324
   0.0300255
   0.0248771
   0.0062203
   0.0147531
   0.0036604
  -0.4483895
  -0.1662758
  -0.8007981
  -0.4965538

f =

   4.7357e-10
  -5.3282e-02
   1.4051e-01

f =

   2.9598e-11
  -3.3301e-03
   8.7817e-03

d =

  -1.73072
   0.53282
  -1.40508

grad =

   2.9598e-11
  -7.4740e-11
  -1.3221e-10

x =

  -0.858467
   0.546608
  -1.391290
   0.013785
  -2.602971
  -4.008046
  -2.070147
  -3.475223
  -3.668617
  -5.073693
  -4.201441
  -5.606516
   0.207180
   1.612255
  -1.391290
   0.013785

x =

   0.2976598
   0.6333484
   0.1992019
   0.5034462
   0.0689475
   0.0178446
   0.1120324
   0.0300255
   0.0248771
   0.0062203
   0.0147531
   0.0036604
   0.5516105
   0.8337242
   0.1992019
   0.5034462

f =

   0.2976598
   0.6333484
   0.1992019
   0.5034462
   0.0689475
   0.0178446
   0.1120324
   0.0300255
   0.0248771
   0.0062203
   0.0147531
   0.0036604
   0.5516105
   0.8337242
   0.1992019
   0.5034462

x =

   0.3533373
   1.0033431
   0.2221464
   0.7000635
   0.0714396
   0.0180058
   0.1188200
   0.0304855
   0.0251917
   0.0062398
   0.0148630
   0.0036671
   0.5949131
   0.1818526
   1.6134365
   0.6862784

x =  5.6441
J =  0.35276
r =

   2.99539
   0.28390
   1.97424

r =

   0.00000
   0.28390
   1.97424

r =  2.2581
r =  0.14113
r =  0.014113
J =  0.35981
f =

   0.2976598
   0.6333484
   0.1992019
   0.5034462
   0.0689475
   0.0178446
   0.1120324
   0.0300255
   0.0248771
   0.0062203
   0.0147531
   0.0036604
  -0.4483895
  -0.1662758
  -0.8007981
  -0.4965538

f =

   4.7357e-10
  -5.3282e-02
   1.4051e-01

f =

   2.9598e-11
  -3.3301e-03
   8.7817e-03

d =

  -1.73072
   0.53282
  -1.40508

grad =

   2.9598e-11
  -7.4740e-11
  -1.3221e-10

x =

  -0.858467
   0.546608
  -1.391290
   0.013785
  -2.602971
  -4.008046
  -2.070147
  -3.475223
  -3.668617
  -5.073693
  -4.201441
  -5.606516
   0.207180
   1.612255
  -1.391290
   0.013785

x =

   0.2976598
   0.6333484
   0.1992019
   0.5034462
   0.0689475
   0.0178446
   0.1120324
   0.0300255
   0.0248771
   0.0062203
   0.0147531
   0.0036604
   0.5516105
   0.8337242
   0.1992019
   0.5034462

f =

   0.2976598
   0.6333484
   0.1992019
   0.5034462
   0.0689475
   0.0178446
   0.1120324
   0.0300255
   0.0248771
   0.0062203
   0.0147531
   0.0036604
   0.5516105
   0.8337242
   0.1992019
   0.5034462

x =

   0.3533373
   1.0033431
   0.2221464
   0.7000635
   0.0714396
   0.0180058
   0.1188200
   0.0304855
   0.0251917
   0.0062398
   0.0148630
   0.0036671
   0.5949131
   0.1818526
   1.6134365
   0.6862784

x =  5.6441
J =  0.35276
r =

   2.99539
   0.28390
   1.97424

r =

   0.00000
   0.28390
   1.97424

r =  2.2581
r =  0.14113
r =  0.014113
J =  0.35981
f =

   0.2976598
   0.6333484
   0.1992019
   0.5034462
   0.0689475
   0.0178446
   0.1120324
   0.0300255
   0.0248771
   0.0062203
   0.0147531
   0.0036604
  -0.4483895
  -0.1662758
  -0.8007981
  -0.4965538

f =

   4.7357e-10
  -5.3282e-02
   1.4051e-01

f =

   2.9598e-11
  -3.3301e-03
   8.7817e-03

d =

  -1.73072
   0.53282
  -1.40508

grad =

   2.9598e-11
  -7.4740e-11
  -1.3221e-10


ans2 = -9999
ans1 = -1
x =  1.3907
ans2 =  1.3907
ans1 =  1
x =  0.99123
x = -2.2157
x =  0.85292
p =

   1
   0
   0
   0
   0
   0
   0
   0
   0
   0
   0
   0
   0
   0
   0
   0

ans2 = -9999
ans1 = -1
x =  2.3521
ans2 =  2.3521
ans1 =  1
x =  0.84136
x = -3.0524
x =  1.6991
p =

   1
   1
   0
   0
   0
   0
   0
   0
   0
   0
   0
   0
   0
   0
   0
   0

ans2 = -9999
ans1 = -1
x =  0.97863
ans2 =  0.97863
ans1 =  1
x =  1.9912
ans2 =  1.9912
ans1 =  2
x = -2.6359
x =  0.20263
p =

   1
   1
   2
   0
   0
   0
   0
   0
   0
   0
   0
   0
   0
   0
   0
   0

ans2 = -9999
ans1 = -1
x =  1.9400
ans2 =  1.9400
ans1 =  1
x =  1.8413
x = -3.4726
x =  1.0489
p =

   1
   1
   2
   1
   0
   0
   0
   0
   0
   0
   0
   0
   0
   0
   0
   0

ans2 = -9999
ans1 = -1
x =  0.29219
ans2 =  0.29219
ans1 =  1
x = -0.70899
x =  0.29790
ans2 =  0.29790
ans1 =  3
x =  0.46105
ans2 =  0.46105
ans1 =  4
p =

   1
   1
   2
   1
   4
   0
   0
   0
   0
   0
   0
   0
   0
   0
   0
   0

ans2 = -9999
ans1 = -1
x = -0.66921
ans2 = -0.66921
ans1 =  1
x = -0.55912
ans2 = -0.55912
ans1 =  2
x =  1.1346
ans2 =  1.1346
ans1 =  3
x = -0.38517
p =

   1
   1
   2
   1
   4
   3
   0
   0
   0
   0
   0
   0
   0
   0
   0
   0

ans2 = -9999
ans1 = -1
x =  0.70431
ans2 =  0.70431
ans1 =  1
x = -1.7090
x =  0.71807
ans2 =  0.71807
ans1 =  3
x =  1.1113
ans2 =  1.1113
ans1 =  4
p =

   1
   1
   2
   1
   4
   3
   4
   0
   0
   0
   0
   0
   0
   0
   0
   0

ans2 = -9999
ans1 = -1
x = -0.25709
ans2 = -0.25709
ans1 =  1
x = -1.5591
x =  1.5547
ans2 =  1.5547
ans1 =  3
x =  0.26512
p =

   1
   1
   2
   1
   4
   3
   4
   3
   0
   0
   0
   0
   0
   0
   0
   0

ans2 = -9999
ans1 = -1
x = -0.53204
ans2 = -0.53204
ans1 =  1
x =  1.2910
ans2 =  1.2910
ans1 =  2
x = -0.54244
x = -0.83952
p =

   1
   1
   2
   1
   4
   3
   4
   3
   2
   0
   0
   0
   0
   0
   0
   0

ans2 = -9999
ans1 = -1
x = -1.4934
ans2 = -1.4934
ans1 =  1
x =  1.4409
ans2 =  1.4409
ans1 =  2
x =  0.29422
x = -1.6857
p =

   1
   1
   2
   1
   4
   3
   4
   3
   2
   2
   0
   0
   0
   0
   0
   0

ans2 = -9999
ans1 = -1
x = -0.94416
ans2 = -0.94416
ans1 =  1
x =  2.2910
ans2 =  2.2910
ans1 =  2
x = -0.96260
x = -1.4898
p =

   1
   1
   2
   1
   4
   3
   4
   3
   2
   2
   2
   0
   0
   0
   0
   0

ans2 = -9999
ans1 = -1
x = -1.9056
ans2 = -1.9056
ans1 =  1
x =  2.4409
ans2 =  2.4409
ans1 =  2
x = -0.12595
x = -2.3360
p =

   1
   1
   2
   1
   4
   3
   4
   3
   2
   2
   2
   2
   0
   0
   0
   0

ans2 = -9999
ans1 = -1
x =  2.2150
ans2 =  2.2150
ans1 =  1
x = -1.0087
x = -1.3754
x =  2.1535
p =

   1
   1
   2
   1
   4
   3
   4
   3
   2
   2
   2
   2
   1
   0
   0
   0

ans2 = -9999
ans1 = -1
x =  3.1764
ans2 =  3.1764
ans1 =  1
x = -1.1586
x = -2.2121
x =  2.9997
p =

   1
   1
   2
   1
   4
   3
   4
   3
   2
   2
   2
   2
   1
   1
   0
   0

ans2 = -9999
ans1 = -1
x =  0.97863
ans2 =  0.97863
ans1 =  1
x =  1.9912
ans2 =  1.9912
ans1 =  2
x = -2.6359
x =  0.20263
p =

   1
   1
   2
   1
   4
   3
   4
   3
   2
   2
   2
   2
   1
   1
   2
   0

ans2 = -9999
ans1 = -1
x =  1.9400
ans2 =  1.9400
ans1 =  1
x =  1.8413
x = -3.4726
x =  1.0489
p =

   1
   1
   2
   1
   4
   3
   4
   3
   2
   2
   2
   2
   1
   1
   2
   1

== 
==                                   Part Name |     Score | Feedback
==                                   --------- |     ----- | --------
==             Regularized Logistic Regression |  30 /  30 | Nice work!
==              One-vs-All Classifier Training |  20 /  20 | Nice work!
==            One-vs-All Classifier Prediction |  20 /  20 | Nice work!
==          Neural Network Prediction Function |   0 /  30 | 
==                                   --------------------------------
==                                             |  70 / 100 | 
== 
